# Frame list with one line of data per frame:
#   FRAME_ID, RIG_ID, RIG_FROM_WORLD[QW, QX, QY, QZ, TX, TY, TZ], NUM_DATA_IDS, DATA_IDS[] as (SENSOR_TYPE, SENSOR_ID, DATA_ID)
# Number of frames: 46
1 1 0.97555883967151169 0.076033002793160345 0.0041579101565432314 -0.2061228871526867 0.71678736240240448 -1.3172467586151959 7.3327442411940122 1 CAMERA 1 1
2 1 0.99418169514832044 0.062897675633230135 0.013472222866472429 -0.086401033807386576 1.6653854333472902 -0.353259893980234 7.310916577667208 1 CAMERA 1 2
3 1 0.98666579608063132 0.02091018757150857 0.04289639577688905 -0.15560613782769336 2.7691898903516883 0.32289402795198124 6.9644421221495652 1 CAMERA 1 3
4 1 0.92268895170288368 0.10479733739280198 0.093914007958519105 -0.35894675871218035 3.2943918476443175 -1.7888770171943524 6.4699633135932233 1 CAMERA 1 4
5 1 0.77495233120172513 0.12065198485407305 0.081287759630523454 -0.61504819571317704 2.9352091603814352 -3.3370561680777988 5.2295945784583422 1 CAMERA 1 5
6 1 0.99859227663460981 -0.010769602150633464 -0.036103787812151795 -0.037336272187231179 0.12245092352871921 -2.0916021625739538 4.3108899742589246 1 CAMERA 1 6
7 1 0.97404142775520375 0.14108825367899513 -0.05616047159189335 -0.16787913247629027 -0.55753350495048559 -3.0471462691944349 3.6105902676820603 1 CAMERA 1 7
8 1 0.84405041431805572 -0.18036238503613483 -0.031583296231456032 0.50403452615148459 -1.2696983096662429 0.29664427740062682 4.0866078089746738 1 CAMERA 1 8
9 1 0.96682634839609916 0.051047396425484233 0.002334923212120765 -0.25027090022381282 0.20649053487875396 0.10846380221080906 3.8373046571498173 1 CAMERA 1 9
10 1 0.94293715538240075 0.034987467608925543 -0.0021555202554322788 -0.33112044914515504 2.7869826950327781 0.27741620522045402 3.2368350028908579 1 CAMERA 1 10
11 1 0.9315421487187443 -0.0057014052776306794 -0.02893008795155563 -0.36243588281162281 4.3209776077748518 0.01418221535683274 2.6448121187409415 1 CAMERA 1 11
12 1 0.93888272554274022 0.070864274139138178 -0.27140816912507504 -0.19953718465575115 0.8313085849432833 -0.079129295656713561 3.1605773729662894 1 CAMERA 1 12
13 1 0.98003641206106229 0.057462364989688625 -0.015020288440079878 -0.18973955459905631 -0.63683649608128567 -1.7444334079927144 1.3416871671613007 1 CAMERA 1 13
14 1 0.65487267700906604 -0.43332569195803783 -0.14000970471398141 0.60313174695249705 0.029330213510261747 0.68485964137981203 2.0498451868681875 1 CAMERA 1 14
15 1 0.99997772694736919 0.0060877531950610441 -0.0019329744265319342 0.0019360991904750768 0.61368385361356359 -1.4089296682913504 0.86831922241460457 1 CAMERA 1 15
16 1 0.98108815539104832 -0.082383293960662435 0.069847400038218488 -0.16062492003261034 1.3804752414809225 -1.1881133682445864 0.39726994255817427 1 CAMERA 1 16
17 1 0.99652370140408753 0.062577959992147908 0.046049727739102445 0.030065495809527488 2.0485806203501036 -0.19021995532556049 0.03182901100397674 1 CAMERA 1 17
18 1 0.980264862179277 -0.045233591160680299 -0.0021462525508323224 0.19243210700748337 -0.91859510329578387 -1.0033172334978429 0.16637112275319182 1 CAMERA 1 18
19 1 0.99015416968537906 0.03396302383174514 0.095524259012879489 0.096521237077143773 2.0085944982868429 -0.21734246840426613 -0.42190243529675531 1 CAMERA 1 19
20 1 0.92876472492680662 -0.26640184607756662 0.045288374415719063 0.25372249659988655 -0.63860303077289737 -0.84894392174382838 0.40179246919273465 1 CAMERA 1 20
21 1 0.98085720610630256 -0.02970638321263205 -0.046643274486059996 0.18671121276179592 2.8195863008350224 0.92676273721932123 -0.41887892231625534 1 CAMERA 1 21
22 1 0.99156604309445939 -0.040786099775143553 0.10933275384069988 0.056388165289693121 -0.98785749208492024 -0.43328037448505807 -0.16018376815861415 1 CAMERA 1 22
23 1 0.98170213191768863 0.021248015090181996 0.10381013571389432 -0.15821789331821859 -0.74615952906682304 0.0057835520913826219 -0.52532948194738893 1 CAMERA 1 23
24 1 0.99634321448328544 0.066331988400743433 0.049557586266500961 0.021078707535231594 -0.61235316302159992 -0.68186136012754006 -0.99750323173447564 1 CAMERA 1 24
25 1 0.99243649191599592 -0.0041870405187781744 0.023042285878270913 -0.12050448650016933 0.14537015644287404 -0.26862590241291989 -1.6674746387582353 1 CAMERA 1 25
26 1 0.99549272603202055 -0.04088701831591933 0.068927407927575332 -0.050709925921418118 0.48754910822676267 -0.31381727413071187 -2.0979487927371765 1 CAMERA 1 26
27 1 0.99752408443878315 -0.013138213105010883 0.041290911624396139 -0.055390874141874387 0.94707325913499329 -0.0026055170085751405 -2.3618292983492633 1 CAMERA 1 27
28 1 0.99551368370113269 -0.055476066924496518 0.013755768737704285 -0.075403517085245231 0.70452324524769783 -0.24266258822901984 -1.9615567105013367 1 CAMERA 1 28
29 1 0.96499645788713695 0.0068580924393489536 0.15240699769959681 -0.21332348648371452 -0.26805302113999635 -0.47461495774564194 -1.8202917412542488 1 CAMERA 1 29
30 1 0.99501217702133626 -0.018429738620466721 0.018020425942244032 -0.096365847490188977 -0.26047184452688321 -0.75423166052424395 -1.4032005199849522 1 CAMERA 1 30
31 1 0.93760216404046537 -0.22036865181017434 0.062825675707461864 0.26152012113392603 -2.8927255082324157 -3.3053514560082351 0.49396037029113077 1 CAMERA 1 31
32 1 0.99358051734417885 0.028474973588905585 0.071925622666105471 -0.082544752936077478 -3.6835104006045394 0.49496999861480018 -0.66326722655725534 1 CAMERA 1 32
33 1 0.99513760704627818 0.030252842902860292 0.0080869430403523093 -0.09338367036460031 -2.8668288235812129 1.0850615338736793 -0.98999674138870752 1 CAMERA 1 33
34 1 0.97373300187532574 -0.056430682894673546 -0.0017157441979525785 -0.22058258160778413 -2.1004482681570571 1.9590204252757066 -1.3117796403595834 1 CAMERA 1 34
35 1 0.99955483016715285 0.015004130098344143 -0.014165142187921627 0.021549160454695196 -2.955903899222148 -0.8287118760487916 -1.7327601302059321 1 CAMERA 1 35
36 1 0.91034000452636454 -0.16477752670684939 0.16312515100804889 0.34281135914656274 -2.3178177194474583 -3.4056422950316501 -0.14320218560188988 1 CAMERA 1 36
37 1 0.28839168122187531 -0.51259816711605588 -0.12940402093612077 0.79832822613060883 3.4403199023905597 -1.1158726109012498 1.8302208793896189 1 CAMERA 1 37
38 1 0.98098811070722813 -0.065264482959697862 0.0017643960757599971 0.18275601446068562 -1.8914525475374939 -0.46771344032030693 -2.1501980136861136 1 CAMERA 1 38
39 1 0.99267888459785636 0.039275556187843425 0.052252543337896674 -0.10156640426052661 -1.2175131549812368 1.363004196725992 -1.8570025048005365 1 CAMERA 1 39
40 1 0.98586471485263483 0.098366809025510357 0.002285443801633826 -0.13560793353377787 -0.69615764705525007 1.5293143445502733 -1.8316558889540393 1 CAMERA 1 40
41 1 0.92653253725790108 0.021618064165370592 -0.0081491175205806784 -0.37550460528176499 -0.031372667497646743 0.87445494087094999 -2.1384952683643497 1 CAMERA 1 41
42 1 0.85899042597353548 0.069037655739258755 0.18234077810139909 -0.47341429088823272 -0.41144850072905736 1.0822610563693014 -2.001835717839362 1 CAMERA 1 42
43 1 0.9531828324557956 -0.049311711250883829 0.0033919063951913385 -0.29832756831386303 -0.092445151414000337 0.35440354586506978 -2.2816056857435822 1 CAMERA 1 43
44 1 0.97062766149131008 0.082536073833126222 0.031885679660175754 -0.22372537338606091 0.54485644827347446 1.1024521614434251 -3.0598717339038712 1 CAMERA 1 44
45 1 0.99064556937635151 0.0059510083118925602 0.0039730307263518352 -0.13627236110790628 0.44930911757646869 0.66157966753098629 -3.3202710530070521 1 CAMERA 1 45
46 1 0.95923258732960026 0.023771064119941059 -0.017815039173607179 -0.28105231593923846 0.2366073646180995 0.70890198683205952 -3.1062015095164566 1 CAMERA 1 46
